1702 -10.0 0.0 0.0 1.0
1703 -10.0 0.0 0.0 1.0
1706 -10.0 0.0 0.0 1.0
1707 -10.0 0.0 0.0 1.0
1710 -10.0 0.0 0.0 1.0
1712 -10.0 0.0 0.0 1.0
1713 -10.0 0.0 0.0 1.0
1753 -10.0 0.0 0.0 1.0
1756 -10.0 0.0 0.0 1.0
1757 -10.0 0.0 0.0 1.0
1760 -10.0 0.0 0.0 1.0
1761 -10.0 0.0 0.0 1.0
1763 -10.0 0.0 0.0 1.0
1764 -10.0 0.0 0.0 1.0
1768 -10.0 0.0 0.0 1.0
2290 -10.0 0.0 0.0 1.0
2227 -10.0 0.0 0.0 1.0
2225 -10.0 0.0 0.0 1.0
2811 -10.0 0.0 0.0 1.0
2084 -10.0 0.0 0.0 1.0
2281 -10.0 0.0 0.0 1.0
2868 -10.0 0.0 0.0 1.0
1815 -10.0 0.0 0.0 1.0
1748 -10.0 0.0 0.0 1.0
1429 -10.0 0.0 0.0 1.0
1518 -10.0 0.0 0.0 1.0
1749 -10.0 0.0 0.0 1.0
1751 -10.0 0.0 0.0 1.0
1786 -10.0 0.0 0.0 1.0
1792 -10.0 0.0 0.0 1.0
2091 -10.0 0.0 0.0 1.0
2224 -10.0 0.0 0.0 1.0
2296 -10.0 0.0 0.0 1.0
2313 -10.0 0.0 0.0 1.0
2595 -10.0 0.0 0.0 1.0
14532 -10.0 0.0 0.0 1.0
2841 -10.0 0.0 0.0 1.0
2842 -10.0 0.0 0.0 1.0
2844 -10.0 0.0 0.0 1.0
2845 -10.0 0.0 0.0 1.0
2846 -10.0 0.0 0.0 1.0
2847 -10.0 0.0 0.0 1.0
2852 -10.0 0.0 0.0 1.0
2853 -10.0 0.0 0.0 1.0
2854 -10.0 0.0 0.0 1.0
2855 -10.0 0.0 0.0 1.0
1782 -10.0 0.0 0.0 1.0
1783 -10.0 0.0 0.0 1.0
1785 -10.0 0.0 0.0 1.0
1787 -10.0 0.0 0.0 1.0
1788 -10.0 0.0 0.0 1.0
1790 -10.0 0.0 0.0 1.0
1718
1719
1828
2226
2229
2415
2627
2628
2629
2630
