2090 -10.0 0.0 0.0 1.0
2298 -10.0 0.0 0.0 1.0
1741 -10.0 0.0 0.0 1.0
2088 -10.0 0.0 0.0 1.0
2271 -10.0 0.0 0.0 1.0
2103 -10.0 0.0 0.0 1.0
2077 -10.0 0.0 0.0 1.0
2087 -10.0 0.0 0.0 1.0
2190 -10.0 0.0 0.0 1.0
2777 -10.0 0.0 0.0 1.0
2225 -10.0 0.0 0.0 1.0
2811 -10.0 0.0 0.0 1.0
2084 -10.0 0.0 0.0 1.0
1742 -10.0 0.0 0.0 1.0
2091 -10.0 0.0 0.0 1.0
2093 -10.0 0.0 0.0 1.0
1491 -10.0 0.0 0.0 1.0
1502 -10.0 0.0 0.0 1.0
2873 -10.0 0.0 0.0 1.0
1700 -10.0 0.0 0.0 1.0
1701 -10.0 0.0 0.0 1.0
1745 -10.0 0.0 0.0 1.0
1771 -10.0 0.0 0.0 1.0
1793 -10.0 0.0 0.0 1.0
1794 -10.0 0.0 0.0 1.0
1797 -10.0 0.0 0.0 1.0
1799 -10.0 0.0 0.0 1.0
1801 -10.0 0.0 0.0 1.0
1803 -10.0 0.0 0.0 1.0
2299 -10.0 0.0 0.0 1.0
2301 -10.0 0.0 0.0 1.0
2817 -10.0 0.0 0.0 1.0
2818 -10.0 0.0 0.0 1.0
14446 -10.0 0.0 0.0 1.0
2375
2439
1661
14867
2008
2165
2169
